&input
system='mos2'
lattice='hexagonal'
a1=  6.0277062375E+00  0.0000000000E+00  0.0000000000E+00
a2= -3.0138531188E+00  5.2201467282E+00  0.0000000000E+00
a3=  0.0000000000E+00  0.0000000000E+00  2.3366759201E+01

mindelta=-0.02
maxdelta= 0.02
interval=0.002

/
